1 PINHOLE 1920 1080 1646.352066128719 1642.4148831303494 926.2917818029329 540.4356165008314
2 PINHOLE 1920 1080 1647.3448235344654 1646.057413494273 920.8288411321736 547.23665574428
3 PINHOLE 1920 1080 1654.728111691877 1650.636470823963 985.4335658840495 518.4207546079134
4 PINHOLE 1920 1080 1672.4603484450752 1665.0742573009345 968.3029905226739 503.73634747562096
5 PINHOLE 1920 1080 1640.8942268793244 1642.0171132428331 935.2441132761224 536.1092595315889
6 PINHOLE 1920 1080 1659.9781295364817 1662.2259575261548 949.5700537184764 525.6887903165243
7 PINHOLE 1920 1080 1646.465166970871 1648.4153438717758 928.9885015436557 523.875435887054
8 PINHOLE 1920 1080 1654.274497966433 1656.617531761815 953.7234567537004 511.51906956411153
9 PINHOLE 1920 1080 1660.6279254623664 1662.5155077642598 963.6826639538715 515.0296821973286
10 PINHOLE 1920 1080 1664.9050462773175 1667.4330556647124 954.4836854011271 526.7609902927677
11 PINHOLE 1920 1080 1643.547124892762 1643.8923512262622 955.7314161298192 521.9955025309944
12 PINHOLE 1920 1080 1661.4563530856533 1659.3980442205125 976.7874568792455 518.5287380099036
