1 -0.669339998142809 -0.08914204463974651 0.22021897409260607 0.7039469200253878 6.146642822508282 13.292338623573723 62.36651817235858 1 0.png

2 -0.6776885094074045 -0.06067782725281214 0.1908500049252431 0.7075540693947585 4.806302884630193 13.04566913344321 61.702442422740056 2 1.png

3 0.6963456899549031 -0.23902934426139846 0.10417408445755 -0.6686668922495171 -13.923179754607393 14.169786571248892 61.78442164588725 3 10.png

4 0.687537229088449 -0.28173002194029617 0.14523837297283246 -0.653319652521721 -14.8042498874964 14.820728608100467 63.33360370079096 4 11.png

5 -0.6847154810406942 -0.03328216738683712 0.16841472816024497 0.7083032448718248 2.6717055317594944 13.465634836217237 61.032482510271265 5 2.png

6 -0.6912290892304347 -0.003133633315477028 0.1420199249856258 0.7085357206598585 0.35382654426043997 13.839284856949781 61.07566358251572 6 3.png

7 -0.697992617246825 0.040363687103092766 0.10000135852958054 0.7079384205738583 -1.085430611708553 13.86411970944876 60.22276871513284 7 4.png

8 -0.7006778038814555 0.07398277380468622 0.07390967314833419 0.7057722894412415 -3.8558585739536158 14.348867788699481 60.27878228141171 8 5.png

9 0.7032971627415247 -0.10437830768608466 -0.03871103308766418 -0.7021251495863087 -6.143457246116136 14.189199760998207 60.52362098198052 9 6.png

10 0.7046423576087707 -0.13909477698636086 0.0019241986171139001 -0.6957931361678913 -7.680747981357773 13.759794693944105 60.93047839296995 10 7.png

11 0.7031140595452418 -0.17891542739153662 0.04108116625888174 -0.6869732359342131 -9.715786181729984 13.98031129746901 60.473746433633764 11 8.png

12 0.7004260435558147 -0.2075907831077139 0.0707073001252737 -0.6791979843804519 -12.073309537001519 14.132277885786639 61.29187241185373 12 9.png

