# 3D point list with one line of data per point:
#   POINT3D_ID, X, Y, Z, R, G, B, ERROR, TRACK[] as (IMAGE_ID, POINT2D_IDX)
# Number of points: 632, mean track length: 4.0886075949367084
1 57.464233738256333 0.68339592013904471 42.683478695238541 48 48 55 1.7749073293548214 2 164 5 218 6 6 7 4 10 234 1 2 12 192
393 3.3855634487243047 4.228626983868466 13.10489896581451 23 10 17 1.227048001800277 4 578 12 373 3 403
2 57.300737831755633 0.968956650785051 42.936756733356582 10 10 15 1.7071269876535062 2 4 6 9 7 7 11 8 1 3 12 1
3 57.104791242124037 4.1178943881977723 42.752861708889469 87 90 108 0.80092287091081571 2 7 5 3 1 4 7 8 8 10
387 8.9094752275464941 4.3385247968216945 8.8963310125729862 93 91 104 0.40163412261080478 11 249 12 262 3 383 9 295 10 297
4 59.145260066413144 3.4268851216567038 51.587725992428886 69 70 87 2.3223013118611586 2 11 1 6
5 57.408421733533288 34.197073641507757 42.235807670318948 7 7 12 1.2279694822698959 7 245 8 457 1 7
397 44.528935526810514 -48.71677369762709 27.845801450602298 10 3 4 1.1601583621814351 11 308 12 326 3 446 12 407
6 74.041094351846695 -46.262016623303296 78.987199577001505 137 140 166 2.9526980077816161 8 462 9 364
407 5.0742359370628067 4.4596626239273913 14.070223144924242 69 63 65 1.3887650409860113 4 576 12 370 3 482
8 45.631758747668762 14.450657549744621 47.419681009879604 17 17 27 3.3673602037656303 11 421 1 26
401 34.367206258147696 -48.582370711699809 31.018213067174166 102 83 80 1.2009244376766801 9 557 10 532 11 430 3 458
395 57.042520594799136 -35.258310262795433 37.05780856118421 7 6 15 2.5763278521743036 4 521 10 452 3 440 9 455
13 24.695348700069616 4.0796611683859894 6.8920388071423435 20 22 35 1.2126136396816709 5 46 6 47 7 40 1 45 8 60
409 47.832882346361174 13.137766821982082 45.126476287738058 77 77 94 3.5373462880576869 4 657 11 22 3 501
19 21.030021729412113 3.1583880128500716 7.3590496401044696 21 23 37 0.49624855196267842 2 211 1 59 5 259
403 11.811334855081862 3.4978877711205487 7.9890186199571271 113 112 126 2.254271216817147 4 462 10 577 12 477 3 465 7 667 8 733
20 20.97810832509769 3.5861526442159355 8.1197451709840269 55 57 72 0.65665242880073804 2 57 5 60 1 61
21 18.322249653562956 3.1844372490295711 8.9257366170270416 20 23 34 0.99914582172392452 2 61 5 76 1 69
22 25.620263415570385 55.531127506375434 43.228698577897063 119 120 131 1.262711125166784 8 97 9 265 1 72
23 16.435031563904243 3.5069553754007132 9.2672630814589549 13 15 25 0.83868817044676591 2 68 6 88 1 79
487 45.462811615394095 14.237262980845371 45.800537420382184 13 13 23 0.94296055081710528 9 473 4 430
24 22.350594569623865 50.490092158028943 41.093857245719143 6 7 11 0.9635242072030743 2 70 7 80 1 80
25 16.312137776429164 54.715966348891996 41.815501805636075 13 13 20 0.97760297346330594 2 79 5 92 8 344 1 84
481 57.371591963085706 -32.702113472208808 35.777093042296052 139 139 157 1.1336553486954746 11 303 12 323 4 259
26 16.224052488134756 57.330594058608561 41.568812194531695 10 12 15 1.4971883822581811 2 80 6 100 7 97 8 345 9 278 1 85
27 16.745799185066037 45.258873720410321 55.725330905255795 167 168 178 1.2665063375284433 8 119 9 108 1 89 6 109
411 43.226234932615647 13.91783185706306 46.701488262235721 61 62 74 0.075959876627473513 4 660 9 553
28 16.554942559996341 54.616685187000137 57.56753424382805 3 3 7 0.96462542792941319 2 83 5 100 1 91
29 12.302894335473518 52.294690200119753 56.854647805796724 15 16 24 1.7762448069285914 2 240 1 93 5 297 7 115 8 357 9 298
485 8.7437093693456411 -40.649551783230152 39.132118109799599 108 93 89 1.3365733934254813 6 314 4 349 8 374
30 11.206125859751957 51.645557141180007 50.938104886202368 72 72 76 0.72867582895642136 6 123 9 130 1 95 7 119
31 11.206125859751959 51.645557141179992 50.938104886202332 72 72 76 0.72867582895637617 6 124 7 118 9 129 1 96
431 21.283439749957157 7.9218646509581623 9.3382470621793328 48 22 23 1.6249118589391605 4 709 12 475 3 558 11 496
32 9.2680705277155564 63.793257016805214 38.717501007097717 18 16 29 1.5005628617773081 2 94 5 298 6 456 1 97 7 568
425 61.004371050016381 -28.702341936211191 42.467160228314732 106 105 123 1.2863669576827108 11 410 3 543
34 9.6549561578937464 51.491550284355633 45.145961571902156 2 1 5 0.34972896630302164 6 126 7 331 1 100
35 6.3972074902290359 64.007203267339719 29.207398109436269 45 44 58 2.0039549535097745 5 308 6 312 1 104
419 19.408407195270502 5.1067857170407835 10.697662901252995 134 136 149 0.76315219619310337 4 619 12 345 3 517 11 236
36 5.03217274932262 0.46558742456998542 13.489103631168115 56 49 53 1.02372122833044 5 319 1 132
37 58.998394879608064 6.2184281647640782 42.70069697058161 6 7 19 1.8255611047809135 2 292 5 373 6 401 7 419 8 452 9 353 1 201
852 14.858529936603926 -37.957547076547307 46.015151735032411 178 175 180 1.7804924551240633 8 785 9 649 11 543 12 511 3 563 4 675 2 584 5 665 7 709 1 602 10 621
39 56.469449263687743 3.4034202458534626 43.349859216548971 78 77 86 1.8018530966528088 2 166 5 219 6 245 7 247 8 273 9 222 10 235 11 196 1 204 3 207 12 195
439 25.163209920018755 -0.025601243753506291 6.6034920901951333 79 76 84 0.7790495966059926 11 566 12 532 3 587 9 597
40 56.469042366808765 3.3990848937781326 43.341986861264907 79 78 87 1.9356403339787653 5 220 6 246 7 248 8 274 10 236 11 197 1 205
42 58.41328162807639 33.02556186273403 44.783050747843554 25 25 29 0.60952093368011662 2 298 5 12 1 209
43 58.152349664759754 32.740228692712492 44.333327772954725 24 23 28 0.64920325704465232 2 297 1 210 6 248
427 43.857420623919772 -49.715303658407485 29.012030418229958 118 84 68 1.1671434638065863 4 661 12 528 3 551
45 56.522025113155578 34.334901102330782 43.498469181743772 7 7 14 1.4381232034884508 2 12 5 225 6 249 8 270 9 360 1 214 7 426
437 51.406217265054266 17.841602494630614 45.02661354296955 5 4 9 1.8269579016127619 12 463 4 655
46 53.513544544792666 13.106104448418774 45.143384286443407 6 9 24 1.2856778208643331 2 173 5 230 6 252 1 215 7 255
47 50.895468545031243 13.081338883851993 45.782701082909313 2 4 14 1.1919216698172781 2 181 5 232 6 411 7 258 1 219
447 46.397526306070752 14.59485926524766 45.571971427772702 12 12 17 2.1194167095594043 4 734 11 562 12 527 3 611
48 27.456534365400703 1.2098741624485838 4.3369535912886672 19 13 15 1.6457460253648695 2 311 1 229 5 386
49 26.011575788020906 -0.67475928748217329 2.6698964554540692 10 4 2 2.8877452951899278 2 33 5 387 1 234
441 32.652089569586273 -48.071153334821744 32.902597918567579 55 49 57 1.3642915393962876 4 667 8 767 12 503 3 589 11 571
50 25.716830008292398 5.8740047627181431 7.1650893025875098 136 141 154 0.43664466468174024 2 197 5 393 6 424 1 238 7 443
435 4.3809815729230461 4.2140241536240106 13.819096600649869 13 1 5 1.3684486222635435 4 688 12 480 3 573
52 24.609862310060699 5.7665112047478093 7.4854479343880804 12 15 27 0.32795894358753402 2 203 5 250 6 268 1 242
445 0.34509364664719955 4.5168026953392468 8.5658592971722616 74 70 75 1.4101131054317415 4 726 12 548 3 606
54 28.641277298101855 51.856835472392021 44.064421556484554 1 1 12 1.3765420142694214 2 215 7 288 8 320 1 251
55 28.257445551782915 55.460722713944151 43.003693112100414 5 5 11 1.5091871525702183 2 216 5 265 6 285 7 63 8 83 1 252 9 260
391 6.8828960843752984 4.3060548113427259 10.079951131477893 54 47 52 1.5061108409063344 4 567 12 277 3 396
56 28.742220377632741 60.13242669681518 44.23078866434571 1 1 7 0.88749618309879408 5 409 1 253 6 569
57 18.211135632593226 3.495818418234991 9.1860070180249611 63 65 76 1.2937549998344815 2 218 1 255 7 291
385 11.608241113704924 3.9054437612253157 8.3165169333992708 78 75 88 0.8700683088159813 4 463 9 277 11 244 12 351 3 379 7 100 8 346
58 16.196308309803388 1.366609366627263 8.0604082750015564 16 17 27 1.6609845238407728 2 337 5 271 1 256
59 22.750203474511377 50.801200875791757 41.061361698662743 87 87 94 1.0196184062855682 2 222 5 272 6 435 7 298 1 257
443 11.003100345672879 5.145525175439575 11.782401483432229 80 80 94 2.477250585958517 12 543 11 502 10 497
60 16.672199031338639 56.361050605740296 41.42689517769162 126 126 130 1.2594780493407325 2 226 5 281 6 446 7 466 8 502 9 499 1 261
61 16.659596965714776 56.245188691526977 41.270480234264397 127 128 133 1.3406441968047433 2 227 5 282 6 447 7 467 8 503 1 262
389 5.4932473349927875 -62.261524354615034 27.610148328823577 21 10 8 1.0463979685453897 4 360 11 366 3 391
62 16.262285782783096 55.719832111785131 41.334930518730623 10 10 15 1.1667595811955549 5 283 6 297 8 504 9 400 1 263 7 309
63 17.723812296718503 47.96005551760652 55.985650292237381 163 163 174 1.3527708600777579 7 313 8 347 10 292 1 265 5 95 6 106 11 348
463 48.236860533779648 -44.328953301356051 30.856654812506854 57 50 55 2.1484573330818511 4 770 11 614 3 648
65 15.84882448486756 -36.087036398668999 46.972064928288226 182 183 190 1.1875818070444648 7 321 1 268
457 54.922598084122434 -35.286861798563294 38.775888805596637 9 8 13 1.8300731917808415 4 756 9 707 11 599 12 566 3 638 8 839
66 11.238157772390133 51.187922641750262 51.169013500982899 3 4 11 1.676125522501102 2 242 7 329 8 139 1 269 10 304
67 8.0550363143754584 2.8095261105209732 8.0404941182114893 18 18 28 3.0823722833147329 6 125 1 273
68 9.5899219745123858 49.021438846881985 44.868968893809736 38 38 43 1.6935694148346512 2 244 1 274 5 302
461 10.095855357249627 4.7522227655745652 9.6554537139793339 40 37 48 1.8021992168457786 4 764 11 607 12 572 3 643 10 646
70 6.7427142437502585 1.6812042585259654 8.5047253166768293 25 24 35 1.0357202630652822 2 254 1 282 5 428
71 6.1795239963181299 2.3505586329123367 12.248012598362035 39 12 4 0.47525459100920414 2 356 1 287 5 430
471 19.391928844262068 -47.157990003236279 36.295116318115163 78 68 69 2.8509999204844449 9 742 10 690 3 663 4 786 8 877
72 5.1894087315382311 3.9331814503262068 10.55108429716387 23 2 1 0.77404252813515029 2 358 5 434 6 316 1 290 7 351 8 381
465 11.442586046419111 3.6860560508046443 9.052870364652291 98 95 107 1.8513990021627382 4 762 12 583 3 650
74 4.6084250572069196 1.3738761163118303 11.304582849352068 15 0 2 0.67209686740326358 2 258 5 148 1 293
75 57.932468384674983 1.2486446800782567 42.113097258939753 51 51 58 2.4586620848967566 2 293 6 1 1 333
459 22.260274884603049 -1.2871701151477393 4.1527179940516898 131 95 78 3.5897593490046034 4 758 11 604 12 569 3 641
76 57.369748560365764 2.2056123506837539 40.607617840690175 54 54 61 1.4720343560946576 2 396 9 354 1 334
77 57.782497879764001 1.3063329084918054 42.757387597403415 9 8 15 1.4909155170393475 2 163 5 374 7 422 8 267 9 214 1 335 11 188
469 46.472672807862992 -45.320155659361617 26.57610530529681 3 3 3 1.2110984426214448 4 784 12 591 3 657
78 56.575431885525411 32.290692251940854 46.149671448482039 46 45 52 1.660803955643015 2 401 5 478 6 535 7 529 8 568 9 463 1 340
79 56.450670864565566 33.028576433365281 45.959471352597369 4 4 13 2.33009420710074 2 172 5 228 6 250 7 427 8 463 9 362 10 359 1 342
479 6.0122695754830904 -57.573301575492849 32.29763097967291 80 53 36 1.2604358244120402 12 116 4 167
80 52.408693041775763 13.150185327488678 44.049201061733264 68 71 83 0.95570603283285593 2 175 5 23 1 344 6 22
801 24.690176384274139 5.2395251685212854 7.2029386626955318 22 23 35 1.1215009338603881 2 573 5 684 6 740 7 727 8 806 1 595 9 692 10 660 11 603 12 580
81 46.947117793479194 65.797609490925666 27.325948386005951 18 18 24 1.352039030886103 2 303 5 380 6 409 1 347
473 54.886986523274373 -33.937306621745613 39.610691447845795 105 104 131 1.4281589884558301 11 18 12 325 4 31 7 423 11 416 8 272
82 46.236487050349943 66.031914667338313 26.888521996456205 1 1 8 1.3313240429893092 2 305 5 382 6 410 1 348
83 44.433167424967849 60.093011944185783 27.544597431288214 47 47 55 1.273911075991677 2 306 5 383 6 412 7 430 8 465 1 349
467 36.71870615280806 -47.146323243711059 31.717675319436545 46 44 51 2.0126076908024539 4 778 9 725 10 676 12 592 3 653
84 44.433167424967849 60.093011944185783 27.544597431288214 47 47 55 1.273911075991677 2 307 5 384 6 413 7 431 8 466 1 350
805 17.147467927087948 47.300591915183894 55.442447208002029 153 153 158 1.5493731829257027 6 695 9 645 7 673 8 739
85 24.542385060798125 6.5675380892187976 8.2357319773356696 48 50 63 1.235259184845918 2 204 1 357 5 49
477 14.273924308136067 -38.629962498766545 46.19138690487064 189 186 193 0.75688241986815175 11 90 4 143
88 21.409343605179174 7.9728480540404796 9.3559897030181016 50 26 29 0.052200352746432109 2 330 1 364
809 26.595020283005571 1.3482614625131857 5.0339714902151087 119 88 91 0.93980843480166232 5 388 2 315 4 530 6 542 7 534 8 578 9 476 10 467 11 424 12 409 3 450
89 17.751601851868152 4.7610431201453771 9.6323919254948809 21 23 35 1.0663425971134204 2 335 5 505 1 368 6 573
90 17.654279568706322 0.37456985947140492 10.550519804411499 42 42 50 0.66348491303393153 2 336 5 268 1 369
91 17.200179007823298 55.697547223394906 41.102140605537237 13 15 25 1.1080159774784344 2 343 5 415 8 607 1 376
475 13.480811054692026 4.3952541793122117 8.8120868701030926 137 134 147 1.9243101971572103 11 78 4 124 9 98 12 74
92 16.680574845970106 51.576526212400069 51.765911220447975 6 6 13 1.4464372476070719 5 97 10 495 1 380
813 22.735484034282379 1.2471961859406997 6.6683127924699015 89 89 96 1.3451629825012186 5 401 6 431 2 324 7 283 4 448 8 488 9 381 10 267 11 330 12 230 3 244
94 14.71097024444027 -36.801234375766413 47.210172937971024 165 166 181 1.2690246826908245 9 292 1 383 5 423 7 472
95 14.440691753579218 -37.500322073112031 46.318769720417649 182 180 182 1.2026176396062707 2 89 5 424 7 473 11 246 1 384 4 142
495 8.0371953591842331 3.6226494858902658 9.0067842880161813 73 68 82 1.7634488160529413 10 663 11 608 12 573 4 765
96 7.4144894703860507 62.76579371787161 32.292149896838261 201 205 228 1.7290172684362404 2 351 5 523 6 586 7 574 1 389
97 5.5711112704085659 4.2006746298486979 10.837312925470597 167 121 70 0.49167330794960074 2 453 5 528 1 394
489 40.205704601096258 -49.455737207916897 30.151499731226185 113 91 83 0.57688044090164403 8 674 12 467 4 529
100 56.199553148273523 -0.1816584207216406 41.603132101719282 51 51 61 0.8156170815344661 2 397 1 441
493 9.9381059709100992 3.5769915052720194 8.9800807468916819 74 69 79 1.9823351594957275 12 554 4 742 11 590
102 58.09274267894159 43.773216029477531 46.191738082719318 85 91 109 1.9779681383268268 6 407 9 460 1 443
103 54.807312655261384 31.150644036099887 47.189780206056447 55 56 65 1.6664204391655619 2 473 5 558 6 628 7 530 1 444
503 30.21745600190927 55.60912920434901 40.596823564994921 58 59 66 0.54204974201179001 6 277 8 317
104 26.84992069222891 -1.5494911468680261 4.0480421170692447 186 158 124 1.7830606042796762 2 402 1 445
107 23.951634348623354 4.3050984795300486 7.5090865554584614 100 108 123 0.39876575155455679 2 416 5 570 1 451
491 14.679118700593975 5.0600794963117259 11.226357391704529 72 70 82 1.8141507526324487 12 429 11 441
108 22.852574244865554 4.4117069813042695 8.4222303173517012 91 99 116 1.435882492239448 2 485 1 453 5 620 6 718 7 730 8 811 9 694
109 21.778725721383069 3.4585217748211483 7.57699948668962 19 22 33 1.398437442779267 2 487 5 621 1 454
110 33.033881211828898 60.649863867716249 43.502123020520351 3 4 13 1.6929751811799061 2 422 5 622 6 559 1 455 5 404 7 616
111 21.209027770957324 7.5226667759628798 9.1802823303257561 52 28 30 1.2933412393375419 6 567 8 692 1 457
112 17.905645669874836 3.7707539597504502 9.1369136359273782 16 19 30 1.6079471573280439 2 430 5 502 6 572 7 621 8 696
113 16.855292107844637 55.122350120940908 42.024196453550502 112 111 105 1.2083173155527025 2 437 5 510 6 577 7 562 8 608 9 497 1 467
505 18.165007007132502 0.84587926698720672 10.098843166185384 29 28 41 0.32664962663995678 6 77 7 75 5 77
114 18.3174752576004 52.977472527641723 56.106468262409258 13 12 21 0.78876530089121766 2 499 5 580 6 652 1 468
115 17.167409789749442 53.694548199710624 56.004860043148255 115 115 120 1.5224236871296384 2 441 5 514 1 469 6 450
116 16.867737587808506 50.998643545834796 56.641400276649684 25 26 41 1.4069067655562286 2 442 5 515 1 470
509 8.1258113529324252 61.891923411813806 33.295979825922842 39 48 93 0.29848895568456768 6 130 7 333 5 119
118 10.042023053064273 55.665431318179245 48.844823422937147 1 1 5 1.9105775128101967 2 505 1 478 5 632
119 7.4909595382736107 3.3153665642925745 8.1895040016876166 103 101 113 1.0237277301123449 2 450 1 479 5 588 6 583 7 570 8 613 9 505
455 54.998916253087351 -36.395491565846243 36.008307246983804 74 74 89 2.3477700828117571 4 733 10 658 11 597 12 564 3 636
120 4.4864568086289012 4.5851155183224686 11.119380047668159 56 51 57 2.4836770671799933 5 597 6 663 1 487 7 485 2 558
121 4.9065877959175799 0.36635954096470535 13.64465654591263 52 50 55 1.9032197354504568 5 596 1 488 6 593 2 360
449 14.932094840413773 2.4576427345798701 8.3194304524397111 23 25 38 0.86722076775857249 4 712 12 571 3 620
122 0.71054909111864384 -0.7636992666345026 9.6080677631168676 59 58 63 1.6030476528122601 2 457 1 496 5 602 6 669 7 631 8 748
507 16.831707168683188 48.007366547424716 56.268166772490154 165 166 172 1.5943758842561775 7 318 8 352 5 99 11 352
124 56.966880608262279 3.6224504232910726 42.820178338584014 6 6 10 2.2135872717021563 6 530 1 504
125 56.839125182708173 33.916071014806022 45.677516428854823 58 58 73 1.6810746247080071 2 399 6 627 1 506 8 713
453 1.1338837098986989 9.3281458817150824 11.031126592390011 46 44 49 1.7632799767378255 12 563 3 633 11 594
126 51.813144507320267 12.92975194723777 44.638579192121547 16 19 30 1.9049838341209364 2 474 5 559 6 629 1 507
127 47.35923504029742 13.009381659817063 46.260063882233126 64 66 81 1.9643026459087289 6 631 7 652 1 509
128 27.888520682480628 -2.2476330311387667 6.5700002575770915 201 178 145 0.71976770707534765 2 479 5 562 6 541
785 24.537929587242935 8.7424240068448409 8.197976322603175 132 135 151 0.8248610581978264 2 322 5 495 6 551 7 541 8 684 1 358 9 560 10 479
314 41.236572931917017 -48.180791131657358 29.157382178182559 23 15 15 2.9328274567176087 10 23 11 206 3 30
130 30.137241568677556 55.954340058941796 42.04388369822226 61 62 70 1.5801493215303926 2 488 5 573 6 687 7 657 8 725 9 635 1 515
260 22.396445564454027 8.6802169188588145 8.8824846974293887 57 55 72 2.1710729474256549 6 643 7 617 8 689 2 420
131 30.137241568677556 55.954340058941796 42.04388369822226 61 62 70 1.5801493215303926 2 489 5 574 6 688 7 658 8 726 9 636 1 516
132 30.36420329197805 62.616503257764101 53.637181638829652 35 34 44 2.8100604612605289 2 493 1 518 5 73
789 53.125757858918782 13.503732309064624 38.814511447472675 160 163 172 1.7748146351464396 6 533 1 442 7 528 8 567 9 464
133 27.049983555406868 63.172135589836344 43.815977203155576 12 13 24 2.2566226135220724 2 543 5 624 6 648 7 661 8 728 1 519
134 26.727768076016932 55.863025963624338 44.528931316195354 13 13 22 2.1140386370957081 2 427 6 571 1 520
312 28.330983225037684 1.5607422788972238 5.7257880015785254 243 219 216 0.94735359771033545 4 434 12 211 3 28
135 18.200722827807645 0.32526662442238813 11.03467826984326 163 162 175 0.28002717095922242 2 496 5 503 1 522
136 17.322375418292069 52.333259726534223 56.724228829780664 127 126 133 0.84768929002803828 2 500 5 581 6 653 7 670 1 524 9 604
137 17.293443866228468 52.262532671177766 56.550181300051449 127 126 133 0.71325518539418209 5 582 6 654 1 525 7 671 9 605
138 16.398639203595433 53.619662827098608 57.387575811598168 12 11 19 0.93503620154053235 2 501 5 583 1 526
139 8.344275028572719 62.720875420080596 35.214594613770942 207 212 227 1.5268530360983943 2 506 5 587 6 656 7 677 1 527
140 7.0699585815035597 65.277536147557683 31.983201163158789 60 59 74 1.1982539734028368 2 507 5 589 6 658 1 528
262 26.371260961722538 62.965578868169743 45.138195942843531 34 35 45 1.7062922457497813 5 576 6 690 7 662 2 428
141 7.7849109212576666 0.8333965344498101 15.165143210752406 108 106 112 1.8068264148290289 2 509 5 590 6 657
142 7.9558031208965083 1.0396165855968329 15.825739261918196 101 100 106 2.3189722496307557 2 510 5 591 1 533
143 5.14974530379504 4.7848479464246143 11.291860778234355 49 17 15 1.3316550481095377 2 455 5 594 6 660 7 628 1 536 9 574 8 703
144 4.2543833353791864 0.77756828412362045 13.639811439706797 12 1 4 0.74716523586320938 2 515 5 598 1 539 6 664
266 8.730786763520058 56.759116821364849 41.518629494175627 59 58 63 1.3550227803990815 6 584 7 626 2 449
145 2.2833043867776737 5.6447045029797902 12.302708101621128 86 84 91 1.9149131714634806 2 518 6 735 1 543 5 672 7 742
146 55.338110941811244 3.1092245672104051 43.578888532258567 8 7 13 1.8915880871731978 2 532 5 556 6 677 7 645 8 714 9 589 10 565 11 531 1 548 12 491
276 23.31871767318836 3.5480841645667964 7.8667966808035086 28 32 44 1.1398892493071242 5 619 7 655 2 540 8 722
147 55.271112853809477 3.0715190635824166 43.375087734177555 8 8 13 1.8855615385706612 2 533 5 557 6 678 7 646 8 715 9 590 1 549 3 547 4 652
270 27.908641148895956 61.215816819369387 48.410220507145794 10 10 21 1.5764079812234626 5 623 2 495
149 53.154116981795603 12.78703504392589 42.454490612086929 74 76 95 2.4411745474133881 5 611 6 679 7 648 8 670 1 551 9 593
150 55.187658785325091 31.649692709636916 46.213298162650872 8 7 16 2.046111414481067 2 535 5 612 6 680 7 649 8 716 9 591 10 601 1 552 7 692
264 22.426167638536917 51.827223018682631 41.117435004980024 6 6 12 0.93241226559267387 6 649 7 623 2 432
151 49.752335910965996 13.03299310884549 46.19487924175305 71 70 90 1.4124989397094088 7 651 1 553
152 26.16362190361103 2.1408585427953235 5.2141137029108293 160 168 189 1.1089268360178723 2 570 5 651 1 554
274 8.0111191102650068 2.8207454734000081 8.5348341940073773 26 28 39 0.65983737005760923 5 586 2 504 7 624
153 24.65634647109059 -1.1648917767299292 3.3036931213872478 15 5 9 1.603325383841256 2 481 1 555
154 22.796004315574983 -1.8808118660910167 4.6887852837479622 41 43 56 1.0315166244005782 2 483 5 496
284 16.050926103130646 4.0442978054373437 9.4524708161365609 21 24 35 0.76156222734007795 5 659 6 720 2 579
155 36.719053508289761 62.533115163826331 51.918954753123359 38 39 50 1.5522512620729909 2 486 1 557 5 571 6 558
156 26.829218671467164 58.242284323889145 44.207068465787223 9 11 20 1.8385089437998425 6 719 1 558
157 23.787245108082285 51.629715364598994 40.972178168252732 4 5 11 0.87178324281459307 2 544 5 656 1 559
158 16.15932318035459 2.247091165288813 9.3147472790382597 22 23 33 1.08967656567201 2 578 5 658 1 560
159 17.5282933109719 48.771668922880608 58.116063787505354 160 160 171 0.34777265714713063 2 548 5 629 1 563
160 17.5282933109719 48.771668922880608 58.116063787505354 160 160 171 0.34777265714713063 2 549 5 628 1 564
817 17.243446848540973 47.589156573343722 56.150860173691633 146 146 154 1.6127632331956072 6 694 7 672 9 646 8 738 10 619 11 575
162 10.075929542564072 60.012672575994408 43.354008888722639 2 1 6 1.4062661538914834 2 552 5 668 6 729 1 567 2 587
292 2.9836258263301318 2.5689312575783418 13.131938528358299 67 66 73 0.65732808671102327 6 769 5 709
164 6.9863291300000689 1.3884210601207678 8.5981531111075871 23 22 31 1.6921743779204024 2 554 1 569 5 634
821 24.517974087151117 1.196667468089633 6.8839129611724248 116 114 118 0.62678354102562672 6 425 5 397 7 445 8 478 10 383 11 319
165 5.6897461399859166 3.6582523721908302 10.445919229246625 147 100 51 0.58283724806370463 2 555 1 570
166 4.9010846768651559 3.9257784830774147 11.120466929829332 32 8 10 1.9694219828486379 2 556 7 716 1 571 5 636
167 5.0805194413724672 1.5811935902999081 12.027857972329553 28 6 7 1.6351799365026285 2 557 5 635 1 572 6 661
168 2.5711761831878581 0.52374780469652182 12.749920250299535 65 62 66 1.5509967904250945 2 560 1 582 5 530
825 5.900675336092867 1.5005638704424451 11.777160691769954 196 150 92 1.0165999512335242 11 507 12 479 3 530 9 611 10 549 6 733 8 745 7 683 5 670
169 2.204265578455177 0.28428334228227115 14.489114577604566 20 3 5 0.75938364342372777 2 561 5 638 1 583 6 668
170 57.158122004050469 33.924644983711502 43.545203577517924 5 5 10 1.3009398656456193 2 566 5 645 6 708 7 691 8 758 1 586
171 44.894170456293701 62.341141343272632 31.078277840241775 9 9 13 1.4003029254045214 2 568 5 646 6 681 1 589 7 650
172 26.642985057935586 0.14595296985250242 3.4653936049583169 12 9 8 2.2724500313286566 2 596 1 590 5 679
829 27.010579388612641 2.4609482900814803 5.8662458632728454 222 217 229 1.3317957215892835 9 237 10 375 11 310 8 471 5 389
294 25.114091670205244 3.0463574202926793 6.686726755431823 11 13 25 0.89455339829663749 5 682 6 757 2 610
173 26.026970862273604 -1.1195599329935353 2.9159490761766254 212 174 165 2.4459915238443775 2 569 5 649 1 591
174 39.697508865651699 64.557660251683117 29.970432246198715 24 25 34 1.8119172568780555 2 597 5 648 6 738 7 722 1 592
176 23.541957306634778 8.12038649745325 8.372772485901514 140 108 96 1.2951243151068164 2 574 5 654 6 716 7 697 8 770 1 596
298 56.652209948143181 9.3302251902648532 47.032139055697911 93 98 117 1.7354638074187534 5 724 2 631 6 784
177 29.2860634329855 58.589494321541821 43.165607692547468 1 2 6 2.0920267987000072 2 576 5 688 6 745 7 740 8 831 1 597
178 17.431666643377721 47.486433679233357 57.223282006664824 94 93 102 0.25468117355093994 5 693 6 747 1 598
308 56.030832728824535 -36.167177537891035 38.098545211957202 73 71 84 0.43082863024474355 4 27 8 5 11 16 3 16
179 17.431666643377721 47.486433679233357 57.223282006664824 94 93 102 0.25468117355093994 5 692 6 748 1 599
180 15.283445624186992 -36.38657361740664 47.12211223987368 170 172 181 1.6266495147980313 2 582 5 664 7 708 9 648 11 542 1 600 3 562 12 510
773 6.9445394084102867 1.484099212316758 9.3174572031080913 33 35 48 1.6547622628555425 10 584 9 610 8 744 7 681
302 52.504569547627234 13.508862554585003 38.719227343841467 3 2 7 2.2594141628461442 12 324 3 4
181 15.287537120345684 -36.39159380161103 47.06621322773168 169 171 180 1.4267999933873656 2 581 5 663 7 707 11 541 1 601 3 561 12 509
296 36.828137972772232 66.997432209053585 29.786474180385316 55 61 73 0.68604484770678043 6 779 2 627
183 15.142161140481038 -38.124375727433716 47.826650343544195 170 168 172 2.2582258273051652 2 585 5 666 6 728 1 603
777 55.49032367400909 3.9662043791411086 43.502188640010019 105 105 123 2.0923439037751694 2 168 5 11 6 13 7 250 8 279 9 225 10 241 11 199 1 206 3 213 4 251 12 201
306 57.426899518591682 -32.089537690158537 35.845491545845022 29 28 38 1.8086765398979687 4 18 10 0 11 7 12 7 3 10
185 40.817138230754871 64.49830318930529 33.469010448021827 23 25 34 2.1794948616959018 2 598 5 680 6 739 7 723 1 613
186 35.75576331893857 62.79828262856438 47.010624648285614 42 44 55 0.9643676946736166 2 600 5 687 6 743 1 615 7 729 8 828
316 27.470835531225518 2.1760104579930437 6.0486853491992365 65 36 33 0.89740896051946528 4 45 12 34 3 34
187 15.158317785381717 3.3497328613189676 9.0701230438744282 27 29 40 1.3118314745757362 5 705 6 760 1 616
188 5.6974710415178622 2.8221176311817215 11.726036660630692 8 3 4 1.9901973432812721 2 601 5 696 1 622
310 53.553739824095523 -34.688917001367912 39.295676048213743 111 109 127 0.99536143860980009 12 22 3 20
189 5.0906437715741939 1.1579602081623863 13.84242233005911 19 3 5 1.7654248136311277 2 602 1 623
190 1.491793786441131 1.2290037929923954 12.327994188616795 36 10 12 0.63198068189522549 2 605 5 698 1 624
304 56.193556539661202 3.8095335252122573 43.518521827576095 8 5 17 2.1542579730787343 6 12 10 11 11 14 3 7
191 55.609114151126654 -1.2435023660868829 41.83889065185307 48 49 63 2.1729642925446524 5 700 8 841 1 627
193 55.989477688269872 5.1853010564960913 42.771738529779363 107 110 133 2.2944105252814522 6 754 8 840 10 600 11 581 12 549
194 25.404595220560047 3.4028248455457937 7.5621230466098766 13 14 25 0.24031193517749525 2 609 1 632 5 683
324 20.049529494142167 4.6745670308604907 9.1055620858326787 19 22 34 1.4296163379868776 11 62 12 240 3 79
195 31.810658930629295 58.836786328484145 42.702608154311804 2 3 7 1.1316611482343728 2 611 5 704 1 633
196 56.183439874062401 2.2100053643168236 43.369018413072112 9 8 12 2.2084532096605178 2 615 5 710 6 762 7 746 8 842 9 708 11 612 1 637 12 577
853 13.368218731166587 -33.000317861890281 48.739364944517497 41 40 46 2.0319037636123678 5 723 7 766 9 735 10 684 11 630 2 629 6 777
382 15.670347496817516 4.9028950930749877 9.650765979033606 60 59 73 0.89094278312365449 9 274 11 340 3 373 10 398
197 56.48148089792312 31.173918540457205 46.487512108954007 6 5 11 1.196684061241865 5 711 6 763 7 747 1 638
198 21.674774054840576 1.8903165620701998 8.1365355635833083 22 21 30 1.1948091001600849 2 621 5 718 6 775
376 21.914484725923938 8.3874959221888883 8.8649927028298183 127 101 93 0.090172310806989689 11 231 12 341 3 361
199 30.48353527966735 53.603516377648724 43.31121379243524 2 3 10 1.4772024968146045 2 616 5 715 6 773 7 761 8 859 1 642 9 728
200 23.362510990042054 59.65837482957528 42.226829714256191 8 10 16 1.7594712157226202 5 721 1 645
857 7.0534032147795136 2.8420793881778526 8.8084604239595006 11 10 17 1.3860155430197689 2 512 5 633 1 568 7 678 8 743 9 572 12 361 3 393 10 547 11 454
322 31.537758319297229 -56.003541720543062 28.526563411656184 119 99 92 0.72688938076320919 4 77 11 49 3 68
201 45.408061386356223 65.426182999659659 29.927329066133641 4 3 7 2.6987670343351851 2 632 5 726 1 648 6 785
332 10.881098189185611 4.4386092339205838 8.7791309569978555 55 51 63 0.39563937091255036 4 145 11 89 12 88 3 120
203 54.751368834256134 8.5229199237044444 44.614501891869359 90 91 108 1.123972094784599 7 776 1 650
204 54.948267231256949 41.600611208361215 48.523085554271276 97 102 117 1.82786253472465 2 633 5 727 1 651
205 34.348448837632361 64.023785307838622 37.038865852157393 52 53 68 0.98920589452316077 2 635 1 655
206 17.176106690049487 57.099308845379809 48.760267437875576 11 10 15 1.035463408432983 2 637 5 730 1 656 6 795
320 23.909092854732389 4.6556507262383526 7.735541365829893 54 57 70 0.90633383579484306 10 42 11 43 12 226 3 59
208 56.287337551147317 4.1777637589916363 43.396459594400717 95 96 112 2.1687906264553396 5 8 9 224 12 8 2 9 3 6
330 13.217922597403128 3.9185741287313678 8.5489959742768118 82 80 96 1.2531343532511345 4 127 8 110 10 81 12 75 3 110 7 89
209 54.442544466780021 1.3701761481341674 43.258531732887292 70 72 88 1.6758852233877566 5 222 9 231 4 258
210 56.404144620173021 34.140879310050096 43.14359773617857 6 6 16 0.53530736847803662 5 226 8 271 2 13
340 5.0019480899539674 4.4496004073588846 10.936628993200275 67 24 26 0.84511875238891254 4 194 10 131 12 126 3 147 11 122
549 38.697851426875538 62.838949199188974 46.837037650332775 42 42 52 0.17403163366730767 6 741 7 726
211 51.897730256191281 17.776824151368967 39.720280528423729 39 38 53 2.3654745534752029 10 14 2 14 8 20
212 55.904397831645802 31.82177655377841 46.060761258177052 7 6 13 2.4214373327201253 5 19 7 254 8 281 9 226 2 15
213 56.102668827613961 32.861393911916892 46.285253369765215 4 4 13 2.1137532438307507 7 11 8 18 10 8 2 16 11 189
328 15.866818012075834 4.2962961829951656 9.3881549432622826 19 22 32 2.2302950360898381 11 75 3 98 4 111
216 23.040321595600663 1.2550387243840462 6.573061202148601 19 17 22 0.75598669981382771 5 50 7 50 2 50
338 6.5259044452589743 -53.765414881433131 32.927884955383142 77 47 35 0.279096421014984 12 112 3 135
348 53.40761424580792 -36.305666241268653 37.651511324496759 99 102 123 2.357057070736793 4 33 9 465 10 365 11 201 12 204 3 220
219 35.668384120879033 63.609480358914752 44.510412329913137 51 53 65 1.9695825360023729 7 47 2 53 8 68
220 31.348933732802333 58.49471096909194 44.532595972823977 52 53 61 0.23434300969582833 5 65 2 59
342 2.4896785285109355 3.6366969195931924 12.195893240434302 113 105 111 0.22175521765243877 7 363 3 165
221 11.087885245454988 3.9568661321874612 8.5092288601788884 59 57 68 1.0203297719196485 5 286 6 451 2 81 7 468
222 14.295935653524012 -36.934198562438205 45.73318204747747 189 187 192 1.396546868292261 9 293 10 96 12 93 6 300
336 6.929201182386449 -53.934442727713481 32.916881001422489 164 135 105 0.84263538115871273 4 160 3 133 12 270
223 8.3514585019174561 61.788178299765093 37.009164370836899 3 6 11 0.09827822927021683 7 336 2 99
224 7.848092640164845 62.477526975088786 32.691583673243457 43 55 85 1.234142378433513 5 125 7 130 2 102
282 3.1048741928623733 0.50750852771165555 14.19335320113461 18 3 2 0.27553238758695997 5 637 6 665 2 559
225 7.3715174027304826 52.794566972304885 30.040286028495643 14 14 22 0.36138724633041985 5 131 2 107
226 55.390249510460094 32.970421612475846 46.879675143622364 70 72 81 1.9253921069783966 9 466 2 174 11 412
356 22.376367868149256 8.2871172462305687 8.5203627400030761 104 75 68 0.40191470450496058 4 452 10 268 11 228 12 235 3 247
227 56.200442562484895 60.960543082220404 44.589043420980822 46 45 49 1.3373386216059044 5 22 7 428 2 179 8 277
228 44.284125104599411 62.635047816108276 29.621418610700449 2 3 7 1.4116026174401395 5 236 6 415 2 184
286 15.588583876813955 -37.359956942785971 49.578357401176298 173 177 195 1.5294679603787176 8 783 9 647 10 581
229 44.284125104599411 62.635047816108276 29.621418610700449 2 3 7 1.4116026174401395 5 235 6 414 2 185
230 26.031554524929554 3.0347681536939599 6.3905702897393271 53 54 72 0.98346269322268209 7 269 2 193 10 378
231 25.140034847670375 -1.187153102848407 4.5448473898341648 153 126 73 1.9284283159377547 6 259 2 194 5 391
354 23.915592970601644 -0.42403664104746175 6.9209294323272585 50 53 63 1.3204123974004442 10 261 12 227 3 239
233 14.891220189654613 57.558919668705322 42.464095138489036 29 31 36 1.1842121803678927 5 285 7 469 2 230
234 11.075275472750301 1.0606449621555032 8.5369721846885795 76 78 89 0.29378513466213768 5 290 7 102 2 231
364 6.1240355023220205 4.5881981985622025 13.951023868092074 57 52 56 1.2675363785685863 4 481 12 281 3 293
236 13.299379266841093 69.170162117764306 61.877231970712344 38 38 44 0.30767651629057285 5 105 6 118 2 236
358 17.061522377190069 5.2829207207931699 10.002767464686777 124 126 137 0.40879776243222082 4 314 12 248 3 256 11 238
237 9.0957975919432865 3.2223866430583494 8.4475369049691995 47 45 57 0.71222992275693631 5 295 6 301 2 237
238 14.889478955345224 -36.014688450147048 47.46454450084677 174 178 189 1.2987765540471956 8 127 12 90 2 238
239 14.889478955345233 -36.014688450147055 47.464544500846799 174 178 189 1.298776554047216 8 128 12 91 2 239
240 11.225617944471256 51.242038219108117 51.214411254427105 2 3 10 1.0549732801877389 6 304 7 328 9 300 2 241 10 303
833 12.350249086055657 4.100619956906657 9.3580455292482601 90 88 103 1.7697072895733945 6 761 5 691 7 755 8 852 9 721
362 8.7003326842135174 -46.915371664829571 39.694153880870005 56 48 50 1.3538563991841335 7 577 11 251 3 272
241 4.6316441887616664 1.370647745234336 12.411457761584405 14 1 3 0.93294199205630979 7 486 10 417
242 57.417390018302129 4.9072973299873643 42.364997221957083 13 11 22 1.4841660986485226 5 375 6 529 7 525 2 295
372 23.593748084696223 1.1832519593745499 6.8553212632509082 92 91 100 1.3886027586477543 4 445 10 387 11 325 12 335 3 356 9 378
360 11.842510590791619 -62.472848165285235 17.3360309575909 224 208 198 0.65506259922333698 4 329 3 265
248 31.240877757526224 63.476353745919965 43.811103289857343 51 52 63 2.1869886819975171 7 455 8 491 2 331
841 14.871147333101952 4.4768143696011284 9.0659467986836386 116 116 133 0.75065603963990135 9 493 8 603 10 490 11 440
370 26.62261960360922 2.1064507484767652 5.4591571275397461 197 189 200 1.5114545599818623 4 288 10 376 11 312 12 328 3 351
250 16.253876989206692 58.155170129287157 41.281359761232316 11 14 19 1.7187657950736646 5 416 7 563 8 610 9 501 2 344
380 17.51618990778654 5.3213779561243353 9.89652450812493 40 42 54 0.98692664635718674 4 544 12 347 3 370
252 11.238061395037104 5.6131831334938438 53.821751461385162 47 47 57 1.1502225110026083 6 457 9 415 2 353
845 25.553135537809872 2.4727205688594927 6.9708646565303729 4 6 16 1.1711003354879639 5 567 6 637 2 409 4 608 12 498 3 509 7 611 8 680 9 556 10 530 11 534
374 33.072952014510356 -47.81537519328387 31.853919899468135 57 48 56 1.7928168419815687 4 297 10 385 11 326 12 337 3 359
253 0.0055196756014620294 -34.321273946937175 6.5210363562936049 85 78 77 1.2229299447894686 5 197 2 382
254 56.647554812470617 0.030499634354944304 42.846279588513774 53 53 61 2.3465595619821977 5 554 6 626 7 603 9 543 3 210
368 45.643386879596839 13.791507557489121 47.239262018395536 64 66 80 1.6307207129675534 6 418 7 265 8 290 10 369 11 205 12 207 3 343 10 466
688 56.225396588659585 0.45145175726904879 41.655894535758009 45 45 55 1.2209811316836603 10 562 11 530 12 490
259 36.080045466392086 63.81982989326638 45.47109927024789 29 32 42 1.8873043547956772 5 498 6 553 7 549 2 419
261 31.155889653909373 55.960207427555183 41.944554950105363 2 2 8 1.8219752946780245 6 434 8 595 9 491 2 424 5 260 7 55
692 18.138503885170685 1.2579145997927352 9.9607218893606184 21 23 39 0.68899958963004282 9 603 8 730 10 575
263 22.426167638536917 51.827223018682631 41.117435004980024 6 6 12 0.93241226559267387 6 650 7 622 2 431
265 16.867006416358361 55.115381586810592 42.04118042822931 112 110 103 1.4350905604611601 5 511 6 578 8 609 9 498 2 438
696 47.577859666355899 14.343249664513653 48.436091610720105 9 11 19 3.8554234494164072 10 606 8 761
267 4.96417449005751 0.38860939728562272 10.980316104518309 50 15 23 1.1356076649924485 12 368 4 573 9 425 11 368 10 503 8 519 9 513
269 25.008375284418026 -1.0409218707264645 3.5342529790063026 13 2 4 0.94405958245846555 5 490 6 420
700 5.9186142602662661 4.0824353667747051 11.940794842662212 170 116 62 1.3187297563975224 9 654 8 789 10 625 11 579 12 560 3 630 4 745
271 25.099225783809075 56.775755276725633 45.070528326786707 3 4 12 1.2385049164118755 5 577 6 691 2 497 8 775
273 10.19055428134231 51.173858217249631 46.061746460445043 1 1 4 0.99062868296202611 5 585 7 625 2 503
640 8.5297382603780427 2.8311755194632511 8.6374892025301584 28 28 41 1.9092339583094817 8 699 7 675 9 571
275 1.264187072886281 -0.29694780334029042 11.555676922349789 25 21 25 0.80008563449935 5 534 2 522 6 602
648 17.486353776549787 53.986590040925336 42.829759025359429 3 6 12 1.2872343923492529 8 814 9 678
283 29.307306064794354 58.560441092810066 43.110863599273486 1 2 6 1.964518912860538 5 689 6 744 7 739 8 830 2 577
285 15.403637187324467 1.1402962014976432 9.8949489478342034 29 31 43 1.0206994949548724 5 660 2 580 6 721
652 47.947566648502821 -44.912045150162832 32.555311840166659 59 57 65 1.6847702709656807 8 824 7 721 9 688
287 15.62868296882532 -37.375894185152504 49.547366518139498 172 178 200 1.5042307774882895 8 784 10 580
592 26.446996857079153 2.2811817752094075 5.8421308710629827 168 181 205 1.0908922547194151 7 724 8 804 9 669 6 711 10 641
293 1.3322085260012502 2.1662037409045221 12.374636431413505 19 16 19 2.04180011664989 10 653 11 592 12 562 3 632
596 9.8137428251244749 52.187915625610884 43.493938035495162 2 1 4 1.5047158597604904 7 713 8 817 9 682 10 648 6 730
295 31.910469934361302 59.303543189788428 43.358728242003259 3 3 7 1.1053217311268282 5 703 6 759 2 612
297 13.542956465013074 62.040387753322122 42.015428261396679 7 7 15 1.2229200098389759 5 722 6 783 2 628
600 24.696644496843856 51.039828343974904 46.244889546329915 8 8 18 1.95425845612613 7 753 8 849 9 695 10 645
299 31.600538738449888 57.93720493356814 27.7647292668033 62 63 79 0.86514197300672491 5 729 6 794
301 56.998589159048059 2.6929807642449859 43.916454844010474 8 7 11 0.99313283575092226 11 12 3 3 8 269
303 56.793221058118441 0.30558564112130593 42.898483071297306 51 50 59 0.91314515875866131 11 195 12 6 3 5
305 58.897633394466375 -31.054837232120978 38.213451088734132 57 55 69 0.88218384714925779 11 190 12 5 3 8
307 57.774368293370927 -36.425181775205964 37.158880326589347 41 38 46 1.5248244946755853 11 194 12 200 3 13 4 267
309 55.863570866124974 -36.458144692669471 37.88301575150205 16 16 29 0.93994451572335125 4 28 8 6 12 16 3 18
311 44.894978832556305 -50.203395777947527 29.928056218641412 108 76 64 1.0835801253509694 11 24 12 28 3 24
313 41.739260468635422 -49.401249651624667 29.840453956046979 120 96 83 1.1243334667563607 4 43 8 288 11 207 12 210 3 29
680 24.251347462784526 7.6631902334656976 7.9601733632054028 21 22 36 0.58375530376610196 9 376 10 384 11 223 8 481 12 224
315 41.078285279110169 -49.865732525017506 30.501897220952756 118 88 78 0.39286463189701371 4 46 11 209 3 31
317 26.080147878117078 2.0220852347840736 5.2946968402952779 124 140 163 1.1277697034027354 6 40 7 28 9 37 10 31 11 31 3 39 5 40
684 52.139070862002619 13.644855266103347 38.596265727744033 2 2 7 2.2212841223857835 9 546 11 414
319 24.573605263933413 2.112567662354488 6.8778541475819672 12 15 22 1.0684315592728575 8 63 9 54 3 53
321 22.886457336941064 0.013256293444699885 7.3313418350575299 7 7 18 1.4498930988576864 11 332 12 232 3 64 10 485
752 26.367184075641031 -1.2006892983319197 4.5851664348261814 181 157 110 2.1946342019923883 11 602 10 639 12 568
323 20.481198861024787 1.9646151213522538 8.1498546712719619 26 26 39 1.9473752356942422 9 258 10 273 3 76
325 26.340395817582213 -1.3046778429619237 49.537186288394636 71 70 81 1.3341382917995952 4 94 6 81 7 292 12 61 3 87
756 5.9475537661362585 -61.979352925207628 32.141072644469247 150 127 99 0.12905171457095266 12 366 11 364
327 15.883961628240312 1.6693760773969077 8.9231782208009722 72 73 88 0.40962909552709137 4 109 12 66 3 97
329 15.22954271973329 5.1933057963617486 9.6483340709521563 107 105 119 0.88695822349919418 4 320 3 107 12 69
760 24.90417348861244 2.3068938170456361 6.8821230744290576 178 180 190 0.95311755903567752 2 42 5 248 6 266 7 275 1 43 8 303 9 247 10 258 11 219 12 220 3 235
331 19.77532477249385 -9.2437173433400783 50.311093658293899 69 65 75 0.89507223609730746 6 97 3 111 4 125
333 8.4071869722556585 2.4520444399524912 8.717905859426617 78 80 94 0.94815992357435819 11 356 12 102 3 124
337 6.9292011823864437 -53.934442727713503 32.91688100142251 164 135 105 0.84263538115878445 4 161 12 271 3 134
339 7.1703673101442833 36.90491629679952 -3.7726621271746525 98 98 105 0.49201838651546359 12 119 3 144
341 2.5979057496585209 4.9579468453694826 14.988458236562899 106 102 106 1.5842658344231622 11 142 3 163 12 294
708 47.148356601867079 -46.727221836323309 29.013999681544639 4 2 5 2.3959083648024682 9 737 8 874 10 686
343 56.314173286735347 -0.090674397573559107 43.159708844108856 56 57 69 1.8759001017514894 8 14 10 238 6 10 5 6 12 196
553 48.625500240100983 25.032069655040917 47.388118178152716 50 51 65 1.8501736902945822 9 691 5 701 12 578
345 56.345881039630918 -31.750104656054237 35.95465363159893 16 16 21 1.5735900234704219 10 7 11 198 12 10 3 215
712 10.97820736796101 4.0592011593035409 8.4403814121439797 60 56 67 0.19698376451339525 11 86 12 87 9 282
346 56.402261632436982 -36.252346302792191 37.847433948112759 10 9 20 0.98376936141820726 4 272 11 200 12 202 3 217 8 453
347 48.858096254014669 -45.725216567249213 23.502430555687859 20 2 3 0.42060471667953037 4 427 11 306 3 219
349 46.825437182459986 13.42233078770909 46.420964957508623 63 64 78 1.9545330320313312 4 277 6 256 9 235 3 224 5 33
716 -0.058005424861064969 -23.848085556850009 3.8299499525922283 96 84 84 0.093063827638908719 10 340 9 323
350 28.428138843757488 1.6594642886205611 5.2699297865048038 46 39 43 1.0780293142290012 11 27 12 209 3 227
660 49.832745220111676 15.15339912630813 41.705431535297343 3 3 5 2.1445057255059536 8 870 7 768 9 738
359 13.438291119264139 3.6861527850215965 8.5565152856662401 105 107 124 2.7682462743766827 4 325 8 341 10 288 3 261
361 11.842510590791619 -62.472848165285235 17.3360309575909 224 208 198 0.65506259922333698 4 330 3 266
664 27.942271358207879 1.4052549561236676 4.7269440824404381 29 23 24 0.8464364450734374 10 248 8 38 11 208
363 8.8706463465017436 -41.898324550153355 41.713298765630867 96 83 81 1.523935821191182 3 274 8 375
668 16.768785276346314 47.177211083188851 56.905748784124022 167 168 173 1.635293993445371 9 110 8 121 12 96
367 4.240953995161755 4.0050524844400615 11.466602925125917 49 15 16 1.1839329698771686 9 145 12 130 3 298
369 44.849577558316135 13.981672216286679 47.279908571294541 64 63 75 1.4197908099233658 12 327 3 346 7 435
736 24.528297648624502 6.6075384074378931 7.4084979445180537 8 9 20 0.28718309060402331 11 41 12 48 10 40
373 23.23602198724852 1.2949081792655317 6.8753932354033358 20 20 27 1.1712743597859014 4 447 11 327 12 338 3 357
740 4.6107323320816693 1.1943833154493837 10.763845677386417 16 6 7 1.1114808112163175 11 126 10 316 12 128
744 4.6211402467887348 0.68945772115689152 11.250828538759839 62 62 64 0.74776907322557606 12 285 10 415 11 124
379 20.807220025986407 1.6827609845325819 8.1212406170919884 88 88 101 1.1253282178879407 4 304 12 344 3 364
381 16.45728904909225 0.66089284570992068 9.5016485959846122 140 140 155 1.0932910188692571 4 318 12 428 3 371 11 438
383 14.773680486462139 4.5322770658370173 8.8330756385045124 115 116 127 0.44083676352090145 11 341 12 350 3 374
384 13.521908083122018 3.4823500133757639 8.323434827255296 22 25 40 2.9023945306028693 4 324 10 402 3 378 11 343
386 10.578946591977813 4.6609548928911062 9.2383007120849445 30 27 39 0.41157441061488292 4 465 12 355 3 381
519 16.834697158082719 45.484693816696861 55.974568585499611 161 162 170 1.5015310871321694 7 315 8 506 9 410 5 287 11 350
388 5.9798124383306135 -59.860621063070489 28.7080855830738 154 128 106 0.88407474415419962 4 356 12 362 3 390
392 3.2669304861301169 0.43809279184076183 11.104551438284648 109 104 105 1.3305779596272018 4 376 9 314 3 401
394 56.693734212445676 -34.513323781355311 36.242319358715456 7 5 12 0.83206617302936836 4 520 11 483 12 460 3 439
527 25.214294559523278 1.543931058311345 6.4561249128676117 25 8 10 0.70378065531557055 7 535 8 580 5 394 9 479
396 53.960776574881251 2.9298716319920519 42.835231230762837 76 79 97 0.80343255617627796 4 518 11 484 12 404
398 26.264585416236404 -0.9546063241021786 3.0493223754520469 209 179 163 0.0075169608420846473 4 438 3 449
609 17.06903334518675 1.4975863439948782 9.2517246236430282 14 15 29 0.59008699369433359 8 328 9 267 7 78 10 64
402 22.30943025288407 -1.2849674275231304 4.4228403282206203 107 76 68 0.45167837741320477 4 538 3 459
535 51.833370354081886 17.731493766403915 38.823664347914281 34 34 47 2.0403336503300444 8 570 5 479 7 429
404 8.8720443071117661 3.56983017620743 8.2447464673761477 81 79 89 0.8330886401637394 4 553 11 504 3 469
406 5.0742359370628067 4.4596626239273913 14.070223144924242 69 63 65 1.3887650409860113 4 575 12 369 3 481
523 57.642672440140309 2.8453872700789304 39.896860454510204 6 6 11 1.9464564514770342 6 239 7 241 8 263 5 372
408 1.6070344344383896 1.0307617406052001 13.017511256831458 64 60 66 0.75732651336296686 11 379 12 382 3 488
617 25.577863211887784 0.90275664225714192 6.437362015534025 84 59 60 1.6124284454607267 8 298 9 244 10 254 12 44 7 270 11 217
410 44.854458091090173 -47.795982323367106 31.063342495289238 32 30 37 0.76105917410076285 3 502 8 717
543 0.74545545309641992 4.3599308742903027 10.945625106252496 53 51 54 0.2467486624272012 6 702 7 684 5 600
412 25.87199497535299 0.26313185850287213 6.5325947027969224 5 3 5 1.2602281095393075 11 489 12 469 3 508 10 529
414 24.965150407353107 7.2337139854395822 6.5144633223350388 23 24 37 1.3611380512515101 12 470 3 511
416 24.367673906774801 -1.1305703932962563 7.0632330269512753 94 92 101 1.6649686197644027 4 613 12 417 3 514
561 6.7288029012836628 6.7116231548565084 -23.538197105113785 180 179 182 3.4409429084221861 11 88 6 111
418 30.542549317099994 -48.477812837532419 33.064014688028102 95 79 78 2.4966132893403259 8 723 11 495 3 516
420 18.233918770564046 1.4332388496002839 9.4307587392547063 46 46 59 1.9189644548465339 11 540 12 506 3 520
565 28.394727126918568 -0.30435726304352889 4.8587422068807395 68 67 82 3.7614618147953207 8 675 6 257 9 552 10 527
421 17.344505474323256 2.5093205286371134 9.0113378230072723 19 18 31 1.2495174634829047 4 620 11 499 3 521
724 7.1003770851217709 0.85728316469440613 8.3534334443160247 114 109 115 2.3884591435174025 10 501 11 450 9 509 12 435
423 6.4096921569106966 3.4044900039428585 11.900878376802195 13 2 1 0.9902965260854879 11 506 12 478 3 529
426 49.460127605350621 -45.145686175043849 23.618591885411053 254 243 214 1.4039953127128819 4 656 9 621 10 564 12 492 3 548
559 19.262840508785057 3.8901910257275105 9.0344414983665864 14 18 30 1.7010686297199573 7 67 8 88 9 74 6 71
430 21.826459379195214 0.82636266487698151 8.7928994715186999 19 19 31 1.2458604131050686 4 670 3 557
547 16.263879686005435 -37.452284705885283 46.795655298349409 49 48 58 1.2701287023116257 8 782 9 642 5 662
513 58.200876462195126 43.839525144042859 46.353823746592305 91 97 116 2.2256421270749311 6 406 9 459 5 227
434 7.8704685540095536 2.0180804645552639 8.6391048441052103 18 19 31 0.82265489320265273 4 683 12 514 3 566 11 548
436 1.648315782510976 1.1601917420187544 11.976322619409563 66 64 68 2.2724678587976341 4 641 12 481 3 576 11 511
517 18.797315469310728 4.2465014402751207 9.0068406247889659 12 15 29 0.9208282278234392 6 72 5 266 7 71 9 78
438 42.740099393156861 -47.975377631614201 29.242593904612125 16 11 13 1.7850728510966809 4 702 11 585 12 529 3 585 9 690 10 637
440 25.116773091910066 0.094268123785246086 6.3843089756446494 75 73 82 1.8526414016162853 11 565 12 533 3 588 8 579 9 596
444 1.4976007683838222 0.3761999919569044 11.703260645791017 37 12 16 1.8400750503353744 11 554 12 547 3 605 10 589
446 46.273127300230477 -47.02287749233161 23.874865386404306 107 79 62 2.5581469595090782 4 735 9 687 10 659 12 567 3 610
563 9.8954407976140004 52.251593606393783 47.595423914688723 2 2 5 1.1827494508309919 8 365 9 302
448 26.567769123788519 2.2903140122637322 6.0598141908947865 167 181 203 1.8627471089696785 8 805 9 670 10 640 11 587 12 551 6 712 7 725
593 23.74609616088669 0.21644371242432961 5.0987116306327618 18 15 22 2.3519949567814611 7 728 8 808 9 693 6 714 5 616
450 8.3640706838536083 4.5348542630285902 9.994722121083738 21 19 27 2.2788211236747813 12 555 3 626 10 624 11 547
597 1.3835575875406694 2.0601244244998749 12.971280525807749 19 15 19 1.0757044162193219 8 820 10 652 6 736 9 683
454 -0.47326936684816762 5.6346031145430739 6.228442133562468 55 50 56 1.9682200497954723 4 750 12 520
601 55.301380413221707 32.430957041391082 45.595644354196075 11 12 22 2.6912976133226114 8 282 10 240 7 13
458 27.145347302073958 0.33489963813895179 4.9776441189787803 8 5 5 1.6093803527018566 7 750 12 579 8 844
591 10.534227860013818 51.375567433337345 48.200471046041258 1 1 7 2.1697438466406536 8 787 9 609 10 585
460 22.704769069115361 -0.36331983829474113 5.882189986654466 12 13 23 1.5714222172668917 4 759 12 570 3 642 11 605
605 21.111647221208312 1.4042788683665712 7.1871678900704374 10 10 19 1.0450894731979083 8 77 9 65 7 56
462 0.91526177508578355 -5.1059690920295795 10.311947276463229 71 65 68 0.7635244339763062 4 767 12 561 3 644
579 21.741855443630183 7.4129854240015733 9.2664284792940546 195 171 180 0.57079630928120395 7 556 8 598 9 387 6 565 8 492 10 394
464 14.233383019319101 4.5397854492599672 8.4862728120587914 101 100 116 1.8429926235761478 4 774 9 715 10 670 11 616 12 582 3 649 8 850
673 11.200859132984686 4.8026179337058892 10.456778373255734 53 50 70 1.7302192998959551 9 408 10 493 8 350
466 4.1538172803417392 0.83535957858282073 12.694077237536954 68 58 59 0.88313416394211752 12 584 3 651
599 3.2250847340966549 2.6848566492258397 12.586746210774759 66 66 72 0.34529444610687493 10 672 11 619
468 8.0014023742457603 4.8159689645889534 10.727612212170623 28 25 31 2.5536251037506044 4 782 11 618 3 654
470 30.236409072029865 -48.396478506246659 37.462289145219742 50 46 52 1.6734930481183241 11 632 3 659 4 788
587 5.2772851138780084 1.4171757406799022 11.174382673201979 40 10 13 1.2411369628400379 7 582 8 702 9 423
472 55.865437948058336 -32.618241303878499 37.304791943107041 15 15 19 0.82510875906878778 11 15 12 15 4 26 8 265
474 26.376668731221482 -0.48497467941627015 5.5334008224089297 197 181 155 2.5664981725921887 8 293 4 49
607 19.027342240453482 1.5877528963461327 9.0746758188903964 59 61 75 1.0110501296830927 8 91 7 69 9 264 10 277
476 14.465103098446606 -36.096175702842991 46.037087961958356 180 179 194 1.0723802429303892 12 92 4 141 10 95
685 25.324589424510183 6.8574100306656609 7.8611323304519569 31 36 54 1.1094395020862227 9 558 10 474 8 584
478 9.9881897999795193 4.1312575540058241 8.6155409159648588 84 80 93 0.78512438935840856 8 126 12 94 4 150 9 114
595 23.531155075813448 8.0934727789450811 8.1869250278617791 146 115 102 1.1376968154086498 7 698 8 771 6 717
480 54.465010427266343 1.9384922686504729 43.354689658699236 78 80 97 1.1562790166342045 6 16 4 257 7 252
625 25.541680264617579 -0.35919503934957037 3.3436255205937333 202 174 127 1.7796487651114687 9 367 7 440
482 23.717555674870173 0.13268498418339891 6.7004623248376474 16 18 29 1.7550177532234552 10 482 11 322 12 333 4 294 9 377
486 55.736092888518328 -32.490910500984533 35.832754290612641 7 6 13 2.5958113039682211 10 456 11 413 4 426 12 461
539 27.331714661295415 -1.5441323069912787 4.409687229451027 207 192 156 0.41337699267830075 6 540 5 561
488 11.600746806457321 3.9288637042934282 8.3064069101954843 75 72 83 0.76453745392723405 9 276 11 243 12 352 4 464
633 45.561343364507472 -47.4969911244035 31.094471345536459 4 3 6 2.1960691836807951 9 471 7 606 10 462
490 44.78102715287659 14.527874645560296 46.857461226490145 21 21 32 0.59621643427674609 9 474 12 466
623 22.655242307549599 50.47013698617085 40.901121500585404 171 173 183 1.4105862719029807 8 336 9 270 10 282
492 32.94424921666274 -48.897702012762629 31.736543144665649 108 87 83 1.7231778823278652 8 807 9 671 12 552 4 708
637 52.16126317636548 13.555788514489359 38.601174134533544 2 3 9 2.7169287417111003 8 569 10 457 7 647
494 21.35835367455314 0.31338413825285244 6.9061930791865187 75 72 81 1.2363887397438276 11 606 12 581
611 13.111961372524043 4.1590778352270483 8.6769032777825608 132 131 150 0.65522731241926468 8 111 7 92 10 289
496 45.378378215067414 -56.023238171506989 31.169225933708297 121 89 67 2.477068862013756 12 595 4 776 11 634
498 2.2950216541417436 2.9074846046173377 12.956223397355082 66 64 69 0.93475455554892917 12 602 4 794 11 638 11 640
631 7.527903123496305 6.3624610599416309 13.447685185458456 108 105 114 1.9810113652456356 8 509 9 506 11 452 7 571 10 545
500 25.622461847146866 6.9275716210261029 7.2361896027966122 134 138 154 0.52199685102674409 6 263 7 34 5 43 9 40
581 25.26903321011676 0.27508109041188428 5.1536827050673173 22 13 9 0.58101935514610648 7 610 6 636
502 30.303894032060576 55.751146365090577 40.860106693631934 57 58 66 0.5850831193133349 6 278 8 318 5 64
504 19.542611976012431 3.539964323808019 9.0749394310655873 11 15 27 1.302724637529602 6 69 8 85 5 69 9 71
585 28.893322335587591 52.278454373489552 43.975003723275371 2 3 11 1.0109872034309411 7 659 9 601 10 616 6 646 2 491
506 16.812076079716572 47.99742915969631 56.261060636819693 165 165 171 1.5114172940650759 7 317 8 351 9 288 5 98 11 351
508 8.550841481857514 3.5267155548029363 8.4851686959276353 87 84 95 0.61326534970519719 6 120 5 112 9 117
510 8.5390060444283105 55.607488912623843 39.925951914370053 59 59 67 1.0141992926616057 6 135 8 367 5 127
627 57.052897482732469 3.6395491702358691 43.11721944176584 8 9 13 2.2879241402108987 8 565 9 461 7 526 10 454
514 25.400685022098898 5.0107169728857874 6.5445958121318428 42 46 62 2.0941548029638208 6 261 7 444 11 215 5 246 8 474
516 35.634803690655801 60.874461499489968 48.167058415013123 9 11 21 0.86245478465189263 6 432 5 254 7 448 8 484
520 16.751852662710903 45.40295869087835 55.675908685554489 163 163 169 0.76392072449186565 7 316 9 411 5 288
522 2.4687505011015691 1.1599988777920345 10.884822245324587 98 87 88 3.0777630540493841 6 326 8 177 5 325 7 365
524 55.786242227840233 32.671004872361301 42.975603511380498 49 49 57 0.68312974888381428 7 10 8 15
532 32.758997429261015 62.878449626137467 43.961668604725197 30 31 42 1.9366909990654091 6 645 7 618 8 688 5 407
536 27.675052773694709 1.2249519145071193 4.7344686610661775 19 15 16 1.5406970838669647 7 608 5 486 6 632 9 475
542 5.5910100654576151 4.910412871997611 12.679752765040277 42 19 23 0.64237035739467008 11 551 12 516 10 586
544 17.132367984448194 53.588627914294996 41.895031504739954 12 12 21 2.1107862298624447 7 706 5 625
552 5.5358767893602723 2.5873956813335863 11.401446328560809 13 7 7 1.3173634866327315 6 749 7 734 8 818
554 10.978017703555468 2.3619289435487283 8.8424620905699562 24 26 36 1.7119929506587734 6 767 7 756 5 706
556 23.084666026561752 60.069456273514064 42.502528457001503 39 56 69 0.13343073420151552 6 781 8 876
558 57.2353481497044 1.514676360114704 42.870412733181908 45 44 49 1.7217502014544266 7 6 9 6 6 7
560 16.73290170276152 45.39670598227098 55.950271590279698 166 166 175 0.92727056674267416 9 107 6 108 10 94 11 93
562 8.2960968791797214 2.9011573803128363 8.6903806367887633 25 25 41 0.12957636171086812 8 356 9 119
570 58.992764800768128 4.7640663216135755 44.975256231243016 7 8 21 1.5530493411249262 8 668 9 542
575 24.006181740466623 1.0385500821564333 6.7770992212284016 11 10 18 0.60752312871556025 7 542 8 589 9 483 10 481 6 548
578 32.338095479998138 59.167609248529629 41.274795378420549 3 5 14 1.0270754759882943 7 615 8 687 6 560
580 21.737611367477623 7.415908878144295 9.2672278208020646 194 170 178 0.53219871085264925 7 555 9 386 10 395 6 566 8 493
586 27.35336711202649 62.344539678578855 41.184371078572518 48 50 64 1.7970724391338553 7 660 8 693 6 647
602 45.129011132562695 -45.829846690205315 28.333722958142655 50 48 50 0.49903868821649677 8 24 7 17
610 21.712468270858064 50.156545268545635 39.9794830614915 96 98 105 0.64783420235163669 9 90 10 284 7 81
612 16.810894845771575 55.411430057242619 41.264087004376556 127 131 132 1.4956745540201186 8 115 9 101 7 96
614 11.15091113580255 50.025347021923345 49.200731112609105 4 3 11 1.1181622880136786 8 138 7 120
616 55.726586160918004 -33.914678335282453 39.457119641645065 94 97 125 1.3890510284536601 8 268 7 243 12 17
622 18.927296344074719 1.9265987377036771 8.7543537211441453 21 22 34 0.88372010097464604 8 325 9 77 10 60 7 289 11 65
628 26.607674685898733 -0.83487172259371645 3.2468648491692442 181 142 141 2.2732854707842627 8 575 7 532 9 366
632 8.4817216088326202 -45.055547349664884 45.788283979327879 51 37 35 1.0630288748707195 8 618 11 359
636 28.6743651521167 57.41284989829515 43.178514947700322 1 2 8 1.8578114426294576 8 727 7 619 9 638
638 18.007131038797564 58.0614941902734 42.814703482892853 11 11 18 1.3635838736925452 8 732 9 641 7 665
643 0.63587739290360024 0.84308177920023197 10.359475134064706 65 62 68 2.3032778290606286 9 614 7 685 10 590 11 555
646 22.470188914573608 -0.16907903340939751 5.487259347318834 15 15 26 1.5664919939105506 8 809 9 672 7 699 10 661
647 16.297295897098444 4.07618595870884 9.0072972731985494 25 28 41 1.7353445192036547 8 813 9 675 7 705
649 7.51194490476807 5.0240048812429761 9.64498644179743 42 39 48 2.6521267732964451 8 815 9 701 7 712
651 4.8432933930274196 3.9822725841659001 13.499610325398757 16 3 7 1.9778092580197539 8 791 9 657 10 650
655 3.2146505332382551 2.5527318135713153 12.75046233678634 70 70 76 2.2768961575968709 8 854 9 717 7 759
657 50.178730723668181 14.96976717560919 41.287349348664321 3 3 5 2.2596692483435423 8 862 7 763 9 724
658 16.671741932097671 2.6568106748436255 10.013328423938409 20 22 34 1.7766534857229614 8 866 9 729 10 682 7 764
659 16.671741932097671 2.6568106748436255 10.013328423938409 20 22 34 1.7766534857229614 8 867 9 730 10 681 7 765
661 54.760972499115347 8.0919578000186885 45.372556442917826 90 95 119 1.32265062111048 8 879 9 743 10 694
663 13.316317893170769 -20.004486342093671 15.972147901619305 53 51 62 2.4275396710804968 10 698 7 783
669 16.608725933633128 46.891422976007853 57.216836501978804 30 30 40 1.5824474881270776 9 112 11 353 8 124
670 11.095710655961124 51.507764010109632 53.015976453610271 50 50 60 1.5974885570787938 9 135 10 125 8 143
674 7.8460424075259496 2.9110038369036775 8.6537251436785603 25 27 43 1.0081660543472204 9 123 8 359 10 103
675 5.2368287889624172 3.8215289684649423 11.772108986424882 27 4 2 0.23982700001859791 9 310 12 284
678 25.986534481073079 4.1619410608583349 7.1808878010566675 141 147 172 0.48754654971447947 9 368 8 472 10 470
682 20.094952037633274 1.5054156964620218 8.3677298469463661 19 20 33 0.54220902098008628 9 388 10 487 11 339 8 494
683 57.471315913807551 3.5236423310316041 43.847538386460286 9 9 14 2.1125508012889287 10 453 11 482 8 564
687 7.0555835092827159 0.75902235239529059 8.8887103162152794 109 107 117 0.83822414576173276 9 508 10 500 8 614
689 24.769836278426393 6.1185835893288258 7.7162334021160275 20 20 29 1.0353305563143316 9 559 12 416 8 681 11 429
691 21.589000824996248 7.5279463201910355 10.72265889033676 48 25 26 0.90373542616993996 9 565 10 534
693 17.614038498868204 48.18113681603824 58.987760447065561 132 134 144 0.13458678227369042 10 620 11 576
694 17.434459978802181 52.235731873973634 57.068577039765124 121 123 134 0.98242000345229685 10 579 11 545 8 740
695 1.2933091002921846 7.2272016397232752 11.486483169830542 34 33 39 0.62662837937348337 9 662 10 654 11 593
698 23.662054126266046 8.1271226469652831 8.0862064386500077 139 110 103 1.1158377023454769 10 611 11 568 9 630 12 535
699 21.644654715384419 3.7577466354721918 8.4578861385023636 14 17 32 0.3191191665441987 9 634 8 774 10 644
701 38.980278639797945 -49.403938138526627 29.627067710805751 104 85 78 0.93326986015793501 11 586 8 803
705 22.103777146305571 2.2312968829892381 9.2272852823878466 8 11 22 1.6728423343657626 9 727 10 678 11 626 8 864
706 22.103777146305571 2.2312968829892381 9.2272852823878466 8 11 22 1.6728423343657626 9 726 10 677 11 627 8 865
707 29.943706398085116 -46.981734675599363 36.671125167757999 47 47 59 1.7710765709916512 10 689 8 872
709 21.418810930359506 -0.6923091155409351 5.0680277423138511 18 17 24 0.44686086667916353 11 229 9 61 12 340
711 11.061460189768491 3.0443064625725702 8.0737777657915064 6 5 16 0.6004991903385547 10 403 11 346 9 281
713 8.0065989373751183 -42.876506280099669 38.971296258005587 73 52 45 1.7342774057232253 11 109 12 268 9 305
714 6.4102853331996199 -51.71480213817523 30.427730736559148 77 51 34 0.52268822190261033 11 259 9 308
715 5.1726078557657251 4.0683856905644369 10.358299079877323 23 3 2 0.35503808782645446 10 314 11 267
717 25.2699585896274 5.5353787770285141 6.5776979514527749 20 24 39 0.37154399406132788 10 471 9 369 11 427
719 22.601220031683706 -0.30385961669856337 7.6455834491410775 63 64 76 2.1547218398346604 10 392 9 384 12 57
721 51.031420974363108 20.103362009004357 45.579387995238861 44 43 52 1.2008160474719156 11 419 12 464 9 469
723 7.5168608525638696 6.423405013834997 13.22862615274556 106 104 113 1.7117353727874514 10 546 11 453 9 507
725 26.302806892374068 0.93695925654793533 4.9877980940116045 9 5 6 0.57715451051419375 11 425 12 411 9 554
731 18.52661271756428 0.44915970626104823 10.102562145903809 115 119 132 2.3760909379906279 10 535 9 639 11 436
733 49.991730145393845 12.463601969227872 51.477070535633459 71 73 91 1.3193872813091523 10 605 9 666
734 6.3172491991653059 2.781154895526186 11.814869830272205 16 5 5 0.64221549709225068 10 665 9 702 11 591 12 556
735 39.361387460751821 -44.105550834011126 18.138876714748882 110 82 63 2.350257358574888 10 692 9 739
738 2.1779135781765948 -27.57770392393217 13.261188335761716 70 56 51 0.0024730284578195648 12 134 10 137
742 22.584039462757122 -0.27770795228204703 6.7221420883629648 8 8 19 0.43961794090375972 11 334 10 391 12 339
743 8.5107185087958364 2.9716054555954008 8.3099825870927209 17 20 35 0.21392967015399242 11 354 12 263 10 405
745 4.6211402467887313 0.68945772115689841 11.25082853875983 62 62 64 0.74776907322562769 11 125 12 286 10 416
746 3.5135855730284691 3.7967736363420586 11.728947055912899 88 92 99 1.2649938662883975 11 134 10 419
747 11.003100447525808 5.1455249119863913 11.782402238301861 80 80 94 2.4772504975597602 11 503 12 544 10 496
750 2.3373029936516421 1.0628240702442728 14.893060969131094 82 81 88 0.70868760222780114 11 509 10 588 12 519
751 46.917269743386875 13.26416417538546 44.168688298413102 72 72 88 1.0531446852402175 11 561 12 526
753 4.657482233681189 3.9899497576617704 13.273844818335748 9 2 2 1.1009658679103915 11 610 12 574
758 26.768291437952662 1.9417460528469077 5.2413789903307393 63 30 27 1.0871211532452507 2 34 5 36 1 33 6 36 7 267 4 287 8 44 9 238 10 251 11 212 12 215 3 228
759 25.766286519361206 1.8673362001461336 5.185727409275124 196 213 236 0.95143974430380274 5 41 1 39 6 42 7 30 8 294 9 38 10 32 12 39
761 24.912822137118866 2.3076129541330532 6.882961647113488 176 178 189 1.0644207795123979 2 43 5 249 6 265 7 274 8 302 9 246 10 257 11 218 1 44 3 234 4 292 12 219
762 24.524725258342709 2.1656741121012413 6.7638345698576501 12 14 22 1.3365694755660418 9 53 1 46 3 52 4 60 8 62 11 42
763 24.807190860961747 6.3491714329131081 7.4042929906368791 4 8 20 0.50671522745434072 7 39 1 48 8 305 9 49 10 37
765 24.437787517122164 1.7284897151243601 6.5847164990407441 151 149 155 1.2276504427591153 4 610 10 610 11 536 12 500 3 512 8 764 9 627 6 713 7 695 5 653
766 24.302590880525461 4.8626388624519334 7.5779209015803266 14 16 28 1.5209286701879692 2 321 1 50 5 494 6 426 7 277
767 22.898552440349441 1.0581384363709545 6.6232673117374166 126 124 128 0.85018324467726669 2 51 1 52 5 51 6 52 11 46
768 22.898552440349441 1.0581384363709554 6.623267311737421 126 124 128 0.85018324467726902 2 52 1 53 5 52 6 51 11 45
772 8.1280343839015625 3.2164135509048553 8.3885020972414921 101 99 113 0.83089426961027602 6 305 7 116 1 99 8 358 9 296 10 301 11 250 12 265
774 23.222437954414044 0.86527478345306341 6.6144738876161675 137 137 146 1.8607201302757297 4 666 11 569 12 502 3 554 8 769 9 632 10 613
776 56.661600887771712 3.875049146182727 43.264565647275774 7 8 15 2.1573777843360564 6 243 1 203 7 425 8 460 9 361 11 305 10 360 12 322
778 57.127485821114888 33.331428571061885 44.60501247596229 4 3 9 1.0552747234489364 2 299 5 223 1 213 6 405 7 249
779 25.308938202601542 4.3130256287529427 6.6095648494276773 39 43 58 0.79410845333523727 2 199 5 247 6 262 7 271 8 300 1 240 9 370 10 379
780 17.70901113908268 47.951829924653751 55.978089689535679 163 163 174 1.3563761725386367 7 312 8 348 10 291 1 266 5 96 6 105 11 347 9 404
782 5.8870706844271981 4.1451740848494447 11.800692653865354 167 114 61 1.5108761297951019 4 744 10 626 11 578 12 559 3 629 8 788 9 655 5 671 6 734 7 715
783 7.5118268579961311 2.9554823457452688 8.2985422218440839 24 24 34 1.0925872027721477 5 304 1 275 7 127 9 131
784 4.7289091750462902 4.2459198370583966 11.560182388872843 10 3 2 0.52449421602854629 5 147 1 291 6 319 7 353
786 32.26844260929839 56.005816156923068 42.34605904969434 61 62 69 1.3737390563013896 2 327 5 405 1 363 7 553 8 593 9 563
787 15.457481128111052 -37.576160211415846 46.384779951534952 185 182 186 1.9471159626741337 2 235 5 421 7 322 9 289 1 381 8 353 10 293 12 85 11 84
788 19.775691357326846 2.1826854559516669 8.3896516835660346 27 29 42 1.6108527571710654 11 234 12 242 4 308 3 251
792 24.6939171767992 7.9666762835368798 7.6590636629690323 10 14 29 1.1362446194350893 2 413 5 568 1 450 6 639 7 654 8 721 9 628 8 766 10 609 11 567 12 534
794 10.962910343201552 53.289563976184418 51.805268501256556 1 1 4 0.75161360956922585 2 502 5 584 1 476 6 697 7 676
795 57.983133125584914 2.082477500796418 42.976095025720774 6 6 9 1.6154917546920775 2 472 1 503 5 475 6 528
796 25.373300810575191 3.5845627229228993 6.5179710166213187 17 21 33 1.4431737101308022 2 410 5 491 6 638 7 612 1 512 8 679 9 555
798 23.55314098273514 1.249109319165568 6.7299382209626648 83 81 90 1.1825206125903305 5 497 2 418 6 552 7 546 4 444 8 590 10 386 11 324 12 334 3 355 9 379 9 485
799 54.655087292470355 2.5941233112829298 44.127990197558447 82 84 104 2.373255743160581 7 605 9 548 1 550 2 398 5 477 6 534 10 459 3 441
800 17.27693709072733 45.760943071007887 55.741264532542409 156 156 165 1.4835010612561319 5 626 6 693 2 547 7 669 8 736 9 644 10 617 11 574
802 20.790783896406648 1.6707034293017744 8.1420117870562532 82 82 95 1.3415068590024002 4 303 3 363 12 343 11 336
803 17.342583962274688 1.9376293588855895 9.2046147040371498 16 16 29 1.2733349105306195 4 95 12 62 3 89 11 70 9 85 10 63 8 98
804 58.37895312351624 5.5864636737797007 42.31732666037724 74 75 92 1.9267925042957657 5 217 2 2 6 403 7 421 8 454
806 22.566105063497794 50.298171385174868 40.356752357316282 120 121 129 1.5292034362370175 5 273 6 436 7 299 8 335 2 223 9 269 10 283
808 25.156149567293372 1.0522400122216047 6.5123706726363482 98 84 83 0.89267885962438454 4 56 11 315 12 330 3 233 7 537 8 582 9 477 10 473 6 546 5 395
810 4.7397480442466078 3.8720268950317691 11.594284609631655 14 4 5 0.90238094443135075 4 373 8 384 9 311 12 287 3 295 11 269 10 132
812 22.722702712293575 1.2491929876606784 6.7210770706543581 84 84 91 0.78373400911461566 5 400 6 430 7 282 2 323 8 487 9 380 10 266 11 331 12 231
814 16.317672211984465 0.47512278283882392 9.5832780403495477 46 50 64 1.1511305796962967 5 414 2 338 6 438 7 463 8 337 9 272
815 9.5877629856185909 3.4603475925668441 8.2144862801204557 85 84 96 1.2531058919674944 6 452 2 347 7 566 8 508
816 17.276937090727326 45.760943071007887 55.741264532542395 156 156 165 1.4835010612560537 5 627 6 692 2 546 7 668 8 737 9 643 10 618 11 573
818 4.7465411777403625 1.0177906732217308 12.53236772826074 29 13 15 1.9854779381255299 5 708 7 735 6 751 8 790 9 656 10 649
819 21.948258176512525 8.3472386022863638 8.9613967768586686 131 104 99 0.61280540115343618 10 270 11 230 12 342 3 362 9 62 8 75
820 11.260227632798099 4.4171638290375075 8.9143080421691803 107 104 118 0.42424067417473638 11 501 10 539 4 677 12 508 3 560 4 718
823 24.038548629862582 1.0428690515463808 6.7173924826333966 10 9 17 1.6479066094353152 4 611 11 433 3 515 6 549 7 543 8 588 9 482 10 480 12 418
826 27.844023434286289 1.8376535664384936 5.1998682556661366 190 162 159 1.2545176396304485 4 662 11 533 12 497 3 552 7 609 8 719 9 594 10 571 6 538
827 25.168037426390775 1.0337886528829066 6.5161871473026709 100 83 84 0.7737125506078697 7 536 6 545 8 581 9 478
828 21.910942167202979 4.4895329808850457 9.609393661484086 101 108 125 1.6561072637972856 11 572 12 537 3 590 10 574 9 600
830 23.545308757455452 0.52951199142218097 6.6205554028381082 119 117 125 0.73151281490262876 6 270 5 252 7 279 8 308 9 250 11 225
831 16.93134392632264 54.697491552508566 42.636874254520855 6 7 13 1.7847063093597426 7 307 5 280 8 114 9 399
832 10.665535507591166 3.4702671201003454 8.3409740849780416 89 87 101 0.73379373408308879 7 565 5 517 8 698 10 540
834 23.542547534833702 0.52884395595815181 6.666313315789445 120 120 129 0.82092228110156595 7 278 6 269 8 307 9 249 10 263 11 224
836 22.391748180404758 0.86828379249715848 7.02854161653228 26 24 31 0.94670671651642724 7 614 6 642 8 686 9 564 10 533 11 492 12 422
838 23.154162015280306 0.87446287633962505 6.6350735394994498 124 124 132 0.79725146716270456 7 696 6 715 8 768 9 631 10 612 11 570
839 25.141940917266584 8.2969744046763942 7.8331648830401077 13 19 36 1.0022937886857168 8 304 7 38 9 375 10 381
840 19.027342240453486 1.5877528963461327 9.0746758188904018 59 61 75 1.0110501296831185 8 90 7 70 9 263 10 278
842 22.58787561004457 -0.87502666009571006 3.7389934264163074 124 91 75 0.9698982538315617 10 389 9 251 11 323 12 336
843 14.813428725934736 -37.9348379038247 45.989145117542044 182 179 184 1.7825251150573784 4 676 11 544 12 512 7 710 8 786 9 650 3 564 10 622
844 21.106990530792167 7.0900171530331457 10.022666863648604 49 21 27 1.0270255211434047 2 212 5 262 6 65 7 60 1 248 8 78 9 68 10 271 11 338 12 425
846 14.00311257069427 -36.979386034359848 46.889127799072597 47 47 54 2.2765083443032097 5 667 7 711 12 513 2 588 3 522 10 623 4 678 7 674 9 608 10 582 5 631
847 54.907758465088492 -36.309096086125535 35.916600530218652 74 74 89 2.3516294851052311 10 657 11 598 3 637 4 732 12 565 9 686
848 1.899695377769665 0.46457447177238598 12.994404709205497 46 25 28 2.9485795613759009 9 704 8 834 6 770 5 716 7 743
849 24.597907045754017 -0.5995336352188142 7.4327859045822509 18 15 24 1.4727067739745701 4 536 12 472 3 457 11 432 9 480 8 479 10 478
850 22.216196367559352 -1.4217917840289589 4.6926073870897875 167 130 110 1.3963125502541502 6 742 5 686 8 810 9 673 10 643
851 50.569108620323171 18.484649480695836 40.45126401005421 41 43 56 2.73013697308145 11 559 12 550 9 664 8 826
855 21.857015226841522 -1.0171352480683828 4.3317980836868912 114 81 73 1.2995765915688531 9 383 8 489 11 434 12 420
856 25.334635532116199 7.612340460323205 7.5867839445162888 23 28 43 0.89053780553616813 10 475 11 428 3 455 4 534 6 264 7 273 5 45 8 476 9 371
